WhiteL=[1 2 3 4 5 6 7 8 9 10 11 12 13 14 15 16 17 18 19 20 21 22 23 24 25 26 27 28 29 30 31 32 33 34 35 36 37 38 39 40 41 42 43 44 45 46 47 48;...
    7 8 1 2 3 4 5 6 39 10 11 12 13 14 37 38 17 18 19 20 21 22 23 24 25 26 41 42 43 30 31 32 33 34 35 36 27 28 29 40 15 16 9 44 45 46 47 48];
RedL=[1 2 3 4 5 6 7 8 9 10 11 12 13 14 15 16 17 18 19 20 21 22 23 24 25 26 27 28 29 30 31 32 33 34 35 36 37 38 39 40 41 42 43 44 45 46 47 48;...
    1 2 43 44 45 6 7 8 15 16 9 10 11 12 13 14 37 18 19 20 21 22 35 36 25 26 27 28 29 30 31 32 33 34 3 4 5 38 39 40 41 42 23 24 17 46 47 48];
BlueL=[1 2 3 4 5 6 7 8 9 10 11 12 13 14 15 16 17 18 19 20 21 22 23 24 25 26 27 28 29 30 31 32 33 34 35 36 37 38 39 40 41 42 43 44 45 46 47 48;...
    9 10 11 4 5 6 7 8 17 18 19 12 13 14 15 16 25 26 27 20 21 22 23 24 1 2 3 28 29 30 31 32 39 40 33 34 35 36 37 38 41 42 43 44 45 46 47 48];
YellowL=[1 2 3 4 5 6 7 8 9 10 11 12 13 14 15 16 17 18 19 20 21 22 23 24 25 26 27 28 29 30 31 32 33 34 35 36 37 38 39 40 41 42 43 44 45 46 47 48;...
    1 2 3 4 5 6 7 8 9 10 45 46 47 14 15 16 23 24 17 18 19 20 21 22 35 26 27 28 29 30 33 34 11 12 13 36 37 38 39 40 41 42 43 44 31 32 25 48];
OrangeL=[1 2 3 4 5 6 7 8 9 10 11 12 13 14 15 16 17 18 19 20 21 22 23 24 25 26 27 28 29 30 31 32 33 34 35 36 37 38 39 40 41 42 43 44 45 46 47 48;...
    33 2 3 4 5 6 39 40 9 10 11 12 13 14 15 16 17 18 47 48 41 22 23 24 31 32 25 26 27 28 29 30 21 34 35 36 37 38 19 20 1 42 43 44 45 46 7 8];
GreenL=[1 2 3 4 5 6 7 8 9 10 11 12 13 14 15 16 17 18 19 20 21 22 23 24 25 26 27 28 29 30 31 32 33 34 35 36 37 38 39 40 41 42 43 44 45 46 47 48;...
    1 2 3 4 29 30 31 8 9 10 11 12 5 6 7 16 17 18 19 20 13 14 15 24 25 26 27 28 21 22 23 32 33 34 35 36 37 38 39 40 47 48 41 42 43 44 45 46];